mut	"H002R_rAsc1_DNA1"	"H002_B1144_DNA1"	"H002_iAsc1_CL1_DNA1"	"H002_iAsc1_DNA1"	"H002_iOme1_DNA1"	"H002_iOva2_DNA1"	"H002_iTubR1_DNA1"	"H002_iUte1_DNA1"	"H002_pOme1_CL12_DNA1"	"H002_pOme1_DNA1"	"H002_pOvaL1_DNA1"	"H002_pOvaL2_DNA1"	"H002_pPer1_DNA1"	"H002_pPer2_DNA1"	"H002_pPer_CL13_DNA1"
4:904586	2	0	0	1	0	8	7	9	0	2	0	1	4	2	0
4:1659551	19	0	7	19	1	0	4	7	6	13	11	14	18	14	11
4:4021115	3	0	2	3	5	11	6	6	3	2	1	3	3	2	1
4:4105148	2	0	0	1	3	2	1	5	2	1	1	3	1	3	0
4:5687381	26	0	12	15	1	0	6	4	8	13	16	12	11	7	9
4:6376136	17	0	11	14	1	0	3	4	5	16	11	12	4	8	8
4:6912031	18	0	13	5	0	0	7	7	10	14	20	12	12	13	9
4:12109204	0	0	0	0	0	1	0	0	0	0	0	0	0	0	0
4:15278819	0	0	0	0	0	2	1	1	0	2	0	0	0	0	0
4:15970472	0	0	0	1	0	0	0	0	0	0	0	3	0	1	0
4:18144292	16	0	12	8	0	0	4	5	5	15	11	12	6	6	1
4:20545458	0	0	1	1	0	3	0	0	0	0	0	0	0	0	0
4:21295918	0	0	0	0	0	0	0	3	0	0	0	0	0	0	0
4:22727908	0	0	0	0	0	0	0	3	0	0	0	0	0	6	0
4:24380452	0	0	0	0	0	0	0	0	0	0	3	0	0	0	0
4:27713557	1	0	0	0	1	0	4	2	0	1	0	0	0	2	0
4:29539308	15	0	6	13	0	0	7	8	10	13	12	11	7	8	4
4:32147725	3	0	0	0	0	4	1	0	0	0	0	2	0	3	1
4:33101558	8	0	3	7	1	0	2	1	7	7	5	8	12	6	9
4:34485123	0	0	1	2	0	1	1	2	0	0	0	0	1	1	0
4:36184276	2	0	1	0	0	2	5	5	1	3	1	4	0	2	1
4:36444781	14	0	10	16	0	0	3	4	9	11	14	15	9	7	5
4:37014985	1	1	0	0	1	6	2	1	0	1	1	0	1	5	1
4:42952351	18	0	7	9	1	0	2	4	5	6	14	13	9	12	8
4:43843134	13	0	5	13	1	0	6	4	8	18	24	10	8	16	10
4:45457149	13	0	9	11	2	0	4	4	6	17	9	7	14	14	4
4:47518262	16	0	9	20	2	0	3	4	5	13	11	15	10	8	13
4:49118143	0	0	0	0	0	1	1	0	0	0	0	0	0	0	0
4:49164008	3	1	1	1	0	3	4	5	2	1	3	2	2	2	2
4:49178883	3	0	0	0	1	2	1	2	1	0	0	0	0	1	0
4:49202349	1	0	0	1	0	1	0	1	1	2	4	1	0	0	1
4:49202350	1	0	0	1	0	1	0	1	1	2	4	1	0	0	1
4:49218876	10	1	4	14	3	11	11	8	6	4	7	8	7	5	3
4:49512629	2	0	0	3	0	4	1	1	0	2	0	1	3	2	1
4:49543512	0	0	2	2	2	2	4	1	0	2	6	5	3	1	0
4:49546049	4	0	0	0	1	3	4	0	1	2	2	4	1	1	1
4:49551722	3	1	1	5	1	6	5	5	0	4	4	6	2	2	2
4:49602678	0	0	0	1	0	2	3	0	0	0	0	1	0	1	0
4:49602679	1	0	0	1	0	2	3	0	0	0	0	1	0	1	0
4:49626334	6	0	4	1	1	11	7	7	1	3	3	3	4	2	0
4:49636232	0	0	1	2	0	1	2	0	1	1	2	0	1	0	0
4:49641446	0	0	0	0	0	1	1	0	0	0	1	0	1	0	0
4:49649703	4	0	1	4	4	6	2	7	3	4	11	4	4	3	6
4:58729608	12	0	14	13	0	0	5	5	7	12	16	14	13	12	6
4:59503172	14	0	5	6	2	1	7	3	9	17	11	9	9	13	5
4:61886782	0	0	0	0	0	0	0	0	0	3	0	0	0	0	0
4:64549196	16	0	9	12	2	0	4	5	9	15	12	17	9	12	9
4:66510714	13	0	2	13	0	0	3	5	4	8	14	13	8	7	3
4:69382688	0	0	0	1	0	1	0	4	0	0	0	0	0	0	0
4:71078211	0	0	0	0	0	3	0	0	0	0	0	0	0	0	0
4:80692965	0	0	0	0	2	14	6	8	0	0	2	4	3	6	0
4:83186460	2	0	2	1	0	6	5	3	5	5	4	3	1	1	0
4:87892974	0	0	0	0	0	0	0	4	0	0	0	0	0	25	0
4:98186448	18	0	9	12	1	0	4	7	6	15	9	11	13	8	9
4:100864149	2	1	2	1	1	2	2	1	1	1	0	0	4	0	1
4:102239317	15	0	13	13	0	1	3	6	10	19	16	11	4	10	12
4:102893941	1	0	2	2	0	1	6	0	0	2	1	1	3	4	1
4:104307499	1	0	0	1	1	0	4	0	0	1	0	1	0	3	0
4:109164410	0	0	0	0	0	0	0	2	0	0	1	0	2	0	0
4:111747119	0	0	0	1	0	0	0	3	0	0	1	0	0	0	0
4:111896134	0	0	1	1	1	1	3	4	0	0	1	2	0	2	0
4:112685140	0	0	0	0	0	1	0	0	0	0	0	0	3	9	7
4:115410546	5	0	2	4	0	0	2	2	5	6	3	5	2	4	8
4:115818911	12	0	7	10	1	0	0	0	5	12	14	14	4	4	5
4:129595612	19	0	3	15	0	0	1	7	9	13	11	16	7	7	4
4:131688276	5	0	1	3	1	0	5	6	1	9	6	4	5	5	4
4:131817414	0	1	0	1	1	1	2	4	1	0	0	1	0	2	0
4:131874194	1	0	0	1	0	0	3	3	1	3	2	4	1	0	0
4:133303016	1	0	3	0	0	2	2	1	1	1	0	1	0	0	0
4:139248498	0	0	0	0	0	0	0	0	0	0	3	0	0	0	0
4:142409408	14	0	8	7	0	0	2	2	0	0	1	0	0	0	0
4:143880044	4	0	6	3	0	1	2	1	2	1	3	4	3	1	2
4:143960910	4	0	1	1	0	3	1	4	1	1	1	3	0	1	1
4:143965494	2	0	0	3	2	4	5	4	1	1	4	4	0	3	0
4:144125394	0	1	0	0	12	24	16	15	0	0	1	1	12	2	0
4:145501655	0	0	0	0	0	5	0	1	0	0	2	0	0	4	0
4:148508147	1	0	4	6	4	7	7	8	4	3	1	3	7	5	1
4:153152425	3	0	2	1	2	8	4	2	2	2	6	2	3	2	0
4:155311934	15	0	9	13	1	0	6	6	0	0	0	0	0	0	0
4:156573790	1	0	0	0	0	1	1	5	2	2	1	2	0	2	0
4:160659143	0	0	0	0	0	0	1	4	0	0	0	0	1	0	0
4:165012545	0	0	0	1	0	0	1	0	0	0	12	14	0	0	0
4:165641641	16	0	4	16	0	0	0	5	8	19	13	18	5	6	11
4:171310970	0	0	1	2	0	6	3	1	0	1	1	1	2	4	0
4:177623227	11	0	8	20	0	0	2	6	8	14	13	13	11	14	5
4:178570460	15	0	9	11	1	0	0	8	10	15	9	11	9	3	2
4:181222656	0	0	0	0	1	0	1	1	2	1	0	3	0	0	0
4:186387672	0	0	1	0	0	5	1	1	0	0	0	0	0	0	0
4:187780028	14	0	5	15	0	0	5	3	7	17	11	11	7	8	3
4:190050131	0	0	2	0	2	5	2	2	1	0	1	1	2	1	2
4:190052613	1	0	0	0	0	4	2	2	2	1	1	1	1	1	0
5:15884	3	0	2	5	2	6	4	1	0	0	2	4	4	2	1
5:110129	3	0	2	0	1	0	2	0	0	0	0	1	0	0	0
5:282005	14	0	13	12	7	8	14	18	6	15	7	6	8	6	4
5:723591	1	1	5	7	0	3	0	4	4	4	1	2	5	6	0
5:1903159	1	0	0	4	0	2	0	4	0	2	0	2	1	1	1
5:2020977	0	0	0	0	0	0	0	0	10	9	0	0	0	0	0
5:2485913	3	0	3	5	3	6	4	5	1	2	0	10	0	3	0
5:4364304	147	0	82	123	9	1	37	64	37	77	75	89	36	36	18
5:9656452	59	0	17	63	2	0	11	21	17	44	47	37	13	14	16
5:10143251	7	0	1	2	0	0	0	1	0	0	5	1	0	0	0
5:11830786	0	0	0	0	0	0	0	0	0	1	27	17	0	0	0
5:11925061	0	0	0	0	0	0	1	0	0	0	0	0	1	5	7
5:12268492	6	0	2	1	0	0	4	0	0	1	2	0	0	0	0
5:13139369	14	0	13	10	1	0	3	6	6	14	10	12	11	15	6
5:13320166	0	0	0	0	0	0	0	0	5	14	0	0	0	0	0
5:13738424	2	0	7	0	1	0	2	5	0	0	0	0	0	0	0
5:14838713	15	0	5	11	1	0	1	7	9	15	17	10	8	6	11
5:15303437	1	0	0	3	0	0	0	0	0	4	0	0	0	3	0
5:16214351	3	0	0	1	0	1	0	0	0	0	2	1	1	0	0
5:17498134	0	0	0	0	0	0	0	0	6	11	0	0	0	1	0
5:17967731	2	0	2	2	0	2	2	1	1	0	2	2	4	4	0
5:18344571	0	0	0	0	0	1	0	0	9	3	0	0	0	0	0
5:18461147	2	0	1	5	1	2	2	3	1	4	1	6	3	1	2
5:19013987	2	0	0	5	1	1	2	4	1	1	3	2	0	0	0
5:19030687	149	0	83	127	4	0	28	54	46	60	92	80	29	33	24
5:19603262	0	0	0	0	0	1	0	0	4	17	1	0	0	0	0
5:19712652	3	0	1	3	0	4	1	3	0	2	6	1	3	0	1
5:20334428	122	0	53	103	6	0	37	41	34	52	91	71	24	28	28
5:22023579	8	0	6	9	0	0	4	1	9	7	14	11	6	14	4
5:22885740	8	1	0	9	1	3	5	4	2	2	5	5	1	4	0
5:24274795	32	0	15	21	0	0	10	12	7	9	9	8	7	7	9
5:24396715	3	0	2	6	1	0	3	0	0	0	3	3	1	2	0
5:25614923	50	0	29	54	1	0	17	20	20	26	45	37	5	12	11
5:25661164	19	0	15	15	1	0	6	9	6	24	18	17	8	9	7
5:26345703	16	0	3	10	3	3	3	7	2	4	5	9	4	4	1
5:27442337	32	0	16	22	1	2	9	12	19	31	22	14	12	23	13
5:27982707	1	1	1	3	1	1	2	2	1	2	0	1	2	2	0
5:31141453	30	0	15	23	1	0	8	14	6	17	19	8	11	13	7
5:31555113	58	0	21	41	5	0	7	17	0	0	0	0	0	1	0
5:31841208	3	0	0	0	1	0	0	1	1	1	0	0	0	0	0
5:32374515	5	0	0	2	0	0	0	1	0	0	0	1	0	0	0
5:32965554	1	0	3	1	0	0	1	2	1	0	3	2	1	0	0
5:33285802	49	0	26	42	0	0	13	18	16	25	37	23	14	12	10
5:34072739	3	0	3	4	0	1	0	1	2	3	4	3	1	0	1
5:34246365	3	0	2	3	0	2	3	6	3	4	4	3	2	1	0
5:34285548	4	0	1	2	1	0	4	4	0	2	2	2	1	1	1
5:35602322	144	0	68	112	4	0	32	47	29	69	87	92	35	44	38
5:35954420	181	0	88	149	8	2	33	56	54	81	92	94	27	39	34
5:36794978	3	0	0	0	0	0	2	0	1	0	1	1	0	0	0
5:36796733	4	0	0	1	0	0	2	2	0	0	1	0	2	1	0
5:36952054	1	0	0	0	0	1	1	2	0	1	0	3	1	1	0
5:38392629	54	0	27	32	2	0	14	24	18	27	38	28	6	13	12
5:40163359	51	0	20	40	1	0	7	15	0	0	0	0	0	0	0
5:41914456	0	0	2	1	0	0	0	0	0	0	1	0	0	0	2
5:42201914	1	0	0	1	0	0	0	0	1	0	4	0	0	0	1
5:43448784	121	1	61	123	5	0	30	44	33	61	69	67	25	39	32
5:43779017	29	0	9	16	0	0	9	9	7	20	17	14	7	14	7
5:45072621	0	0	1	0	0	0	0	0	8	15	0	0	0	0	0
5:45483634	7	0	0	7	0	0	1	0	1	0	0	0	0	0	0
5:45816810	13	0	7	12	0	0	2	5	0	0	0	0	1	0	0
5:45937584	166	0	66	109	6	1	39	58	26	83	89	104	39	33	35
5:50138674	1	0	0	4	0	1	0	2	0	0	0	0	0	1	0
5:56368354	27	0	16	26	2	0	6	11	13	19	14	15	9	15	7
5:56504987	0	0	0	0	0	0	0	6	0	0	0	0	0	36	0
5:56713086	2	0	0	0	2	1	6	0	0	1	3	2	1	2	1
5:56937328	0	0	0	0	0	0	0	0	0	0	0	0	5	5	2
5:67189739	26	0	10	27	2	0	12	13	6	13	12	15	17	8	6
5:69389012	18	0	9	12	0	0	2	9	13	13	11	11	9	11	10
5:73237570	1	0	0	0	2	0	0	2	0	0	0	0	2	0	0
5:75540299	0	0	0	0	0	5	1	1	1	1	1	0	0	0	0
5:76771393	0	0	1	1	0	0	0	0	0	2	0	0	0	1	1
5:77395220	5	0	3	2	0	3	5	3	0	0	0	2	1	0	1
5:77575257	27	0	11	29	4	0	8	10	7	12	6	8	14	16	9
5:77914921	30	0	16	30	0	0	9	13	8	15	12	13	13	7	12
5:83811064	3	0	0	0	1	2	1	3	0	0	1	1	0	0	0
5:86308952	22	0	14	36	3	3	11	16	13	27	21	30	12	18	17
5:87698598	0	0	0	0	0	0	0	0	0	0	17	8	0	0	0
5:88471341	0	0	1	0	0	3	0	2	0	0	0	0	0	0	0
5:90167367	18	0	10	13	2	1	10	8	10	19	12	11	16	16	7
5:92633930	10	0	8	8	1	0	5	6	0	0	0	0	0	0	0
5:93265896	2	0	1	1	0	2	3	0	1	1	3	4	0	2	0
5:93457591	0	0	0	0	0	0	0	0	0	0	0	0	7	7	2
5:93683312	0	0	0	0	0	0	0	0	0	0	0	0	0	16	0
5:93683461	0	0	0	0	0	0	0	0	0	0	0	0	0	11	0
5:94802328	0	0	0	0	0	1	0	0	0	0	1	8	0	0	0
5:101486721	49	0	18	27	0	0	7	11	4	11	14	9	11	12	5
5:103563776	15	0	8	30	0	0	6	14	7	12	15	15	9	12	12
5:105017445	31	0	26	23	1	0	9	10	12	12	17	8	17	12	21
5:105328349	1	0	0	1	0	2	1	1	0	1	0	0	0	3	0
5:105623209	0	0	0	2	0	0	4	2	0	1	0	1	0	0	0
5:106903358	0	0	0	1	0	0	0	0	0	0	0	0	3	0	4
5:120699234	14	0	7	10	0	0	6	2	0	0	0	0	0	0	0
5:124845143	0	0	0	0	0	0	1	0	6	14	0	0	0	2	0
5:126785721	0	0	0	0	0	3	0	0	0	0	1	0	0	1	0
5:128250893	31	0	15	30	0	1	7	6	8	20	26	15	9	18	7
5:128825682	3	0	0	0	0	3	0	0	1	0	1	2	0	0	0
5:130265717	4	0	0	1	0	3	9	6	1	5	3	3	1	5	1
5:133026615	24	0	18	16	1	0	5	7	9	9	5	11	13	10	8
5:141573996	20	0	15	25	1	1	4	5	6	4	7	7	8	5	3
5:143004473	15	0	5	10	1	0	7	6	3	17	12	10	9	13	8
5:144188320	11	0	10	13	1	0	4	6	6	14	13	17	6	10	14
5:151299372	1	0	1	1	0	0	0	3	0	1	1	1	2	1	0
5:152437858	1	0	2	2	0	3	4	1	0	0	2	2	1	1	0
5:152837251	34	0	19	30	3	0	15	17	7	13	14	13	14	6	7
5:154287909	0	0	0	0	0	0	1	0	0	3	0	0	0	0	0
5:156161227	22	0	15	13	1	2	9	6	6	20	18	19	10	8	13
5:156176119	0	0	2	1	0	0	0	1	0	0	0	2	1	1	0
5:156444041	22	0	14	17	4	0	9	10	13	19	23	25	13	20	8
5:159708381	20	1	15	15	0	1	5	4	5	12	14	9	14	21	9
5:161315345	38	0	22	28	1	0	12	12	6	15	13	12	11	13	8
5:161373919	9	0	2	12	0	0	4	5	12	5	10	4	5	10	8
5:162343670	1	0	0	0	1	3	7	4	0	1	1	1	1	3	1
5:165785698	13	0	10	13	0	0	3	9	0	1	0	0	0	0	0
5:166105840	25	0	7	25	1	0	11	10	4	11	12	10	14	15	10
5:169509787	3	0	0	0	0	0	1	0	1	0	0	0	0	1	0
5:169509788	3	0	0	0	0	0	1	0	1	0	0	0	0	1	0
5:174102749	0	0	0	0	0	0	1	0	0	0	0	0	0	0	0
5:175971704	0	0	3	0	2	2	0	1	0	0	0	0	0	0	0
5:177182918	0	0	0	0	0	1	0	0	0	0	0	0	3	6	3
5:179644891	2	0	0	1	0	3	2	4	0	1	0	1	0	2	0
5:179644892	2	0	0	1	0	3	2	5	0	1	0	1	0	2	0
5:181354525	1	0	0	1	0	0	1	4	2	1	2	2	2	2	1
6:92143	8	1	9	7	1	8	4	11	5	10	10	16	8	2	3
6:1053868	0	0	1	0	0	1	0	1	0	0	0	0	0	0	0
6:2104954	0	0	0	0	0	0	0	0	14	19	0	0	2	0	0
6:3127298	1	1	0	5	0	5	0	2	0	0	4	2	1	4	2
6:5022174	0	0	0	0	0	0	0	0	0	0	0	0	6	3	8
6:6286125	0	0	0	0	0	0	0	0	0	0	0	0	4	8	5
6:6353824	0	0	0	0	0	0	0	0	1	0	0	0	0	4	2
6:9382277	13	0	5	9	0	0	1	2	5	16	7	11	10	9	4
6:13877063	3	0	0	1	0	2	0	0	1	1	0	0	2	0	0
6:14680297	1	0	1	2	0	0	0	0	3	10	0	0	0	0	0
6:18234279	3	0	0	1	1	3	7	5	2	4	3	2	3	1	1
6:18259058	0	0	0	0	0	0	0	0	0	0	11	12	0	0	0
6:22695995	15	0	5	12	1	0	4	8	6	19	16	9	11	8	8
6:23119975	5	0	1	0	1	4	5	3	1	2	2	5	3	1	1
6:23264535	15	0	11	15	1	0	2	8	0	0	0	0	0	0	0
6:23397295	39	0	19	39	1	3	7	13	14	33	35	26	23	20	15
6:25909177	13	0	11	19	0	0	1	13	12	15	15	15	9	8	11
6:27521430	0	0	1	0	0	0	0	0	0	3	1	0	2	0	0
6:29943667	9	0	2	3	3	4	4	4	1	3	3	1	1	5	5
6:37209485	40	0	15	32	0	0	7	15	13	23	31	27	20	21	16
6:38340781	28	0	21	31	0	0	9	14	13	37	35	30	16	23	14
6:38787011	3	0	0	2	2	0	0	1	0	2	2	0	0	1	1
6:41709529	1	0	1	0	0	3	0	1	1	0	0	1	0	0	0
6:43500693	13	0	15	10	0	1	3	4	6	21	12	9	10	9	4
6:43652444	0	0	1	3	1	2	4	10	0	7	6	5	1	3	0
6:44112643	36	0	15	34	0	0	7	12	16	28	27	20	18	22	13
6:45046610	0	0	0	0	0	0	0	0	9	16	0	0	0	0	0
6:45553548	18	0	16	16	1	0	4	4	8	12	10	10	7	10	12
6:49177599	0	0	0	0	0	0	0	0	0	0	0	0	4	5	0
6:49819502	16	0	4	7	1	1	2	11	8	15	15	10	7	10	6
6:54342084	0	0	0	0	0	2	0	0	0	1	0	0	0	0	0
6:58138376	29	0	14	32	1	0	12	24	16	23	30	28	17	24	15
6:60637919	12	0	10	9	0	0	5	7	7	22	15	18	11	9	7
6:60705832	10	0	6	15	0	0	5	3	0	0	0	0	0	0	0
6:61673499	0	0	0	0	0	0	0	0	4	7	0	0	0	0	0
6:65502085	46	0	22	36	3	0	13	10	18	28	34	34	15	15	15
6:66271025	0	0	0	0	3	0	0	0	0	0	0	0	0	0	0
6:67089805	3	0	2	4	1	9	2	5	0	2	4	0	3	3	3
6:71068750	16	0	10	19	1	0	5	6	10	18	14	11	6	4	9
6:76086664	1	0	0	0	0	0	0	0	0	0	0	0	3	10	3
6:77385079	0	0	0	0	0	0	0	0	5	27	0	0	0	0	0
6:77496323	0	0	0	1	0	0	3	0	0	1	0	1	1	0	0
6:77662831	6	0	2	1	0	3	4	5	2	1	1	4	0	0	1
6:77828249	3	0	0	1	1	1	4	3	0	1	1	1	6	5	0
6:81833217	2	0	0	2	1	3	2	3	1	1	2	2	1	5	0
6:82263246	15	0	7	12	1	0	3	4	0	0	0	0	0	0	0
6:83359218	25	0	25	32	2	0	8	8	18	19	23	27	11	24	5
6:84598123	0	0	0	0	0	0	0	2	0	0	0	0	0	0	0
6:85670844	0	0	2	0	0	4	2	1	1	3	0	3	2	1	1
6:86511089	11	0	6	15	0	0	5	3	5	13	10	11	10	12	7
6:87923452	15	0	13	12	0	1	4	6	2	8	15	18	4	17	5
6:90464600	13	0	6	12	0	0	3	2	14	14	12	11	8	10	12
6:90971670	23	0	10	16	1	0	4	7	4	20	16	7	6	8	4
6:92653768	10	0	10	15	1	0	3	2	6	14	12	11	12	7	4
6:96967425	0	0	1	0	0	5	3	0	0	0	0	1	0	5	0
6:98104665	0	0	0	0	0	0	0	0	0	0	13	9	0	0	0
6:98687458	30	0	14	27	0	0	11	16	16	35	28	17	16	25	21
6:99496770	8	0	5	11	2	0	0	8	7	14	9	10	9	9	10
6:100086769	6	0	5	11	1	1	2	4	7	4	5	8	3	8	5
6:104446704	0	0	0	0	0	0	0	0	10	9	0	0	0	0	0
6:106544347	27	0	14	26	0	2	12	19	19	36	27	24	22	25	17
6:107630724	0	0	0	2	1	4	1	6	1	2	3	3	2	0	1
6:109577908	1	0	1	1	0	0	0	0	0	1	2	3	0	3	0
6:110319270	6	0	0	0	2	1	2	3	3	2	3	3	0	2	0
6:111893181	11	0	11	10	0	0	8	7	9	13	11	16	9	10	9
6:115121739	21	0	12	18	0	0	4	5	5	9	10	15	8	9	5
6:116574662	1	0	0	2	0	2	4	0	1	1	0	0	0	0	0
6:118330004	1	0	0	0	2	3	1	2	0	1	4	0	3	5	0
6:119934598	38	0	12	26	1	0	14	14	21	33	31	18	22	35	16
6:121677934	1	0	0	0	0	1	1	0	0	0	0	0	3	0	0
6:123070903	34	0	15	29	1	1	5	9	13	36	22	18	12	15	18
6:127455432	0	0	1	0	0	2	2	0	1	0	8	16	0	1	0
6:130572350	12	0	8	16	0	1	3	11	5	14	11	9	9	7	8
6:135250585	34	0	17	20	1	0	5	9	14	32	21	26	13	22	12
6:144412736	0	0	0	0	0	0	0	0	2	0	0	0	0	1	0
6:148215635	17	0	11	9	1	0	3	5	8	13	7	7	9	7	8
6:153282682	0	0	0	0	0	0	1	3	0	0	0	0	0	40	0
6:154968197	20	0	12	19	0	0	3	6	9	21	14	12	4	7	9
6:157999264	0	0	0	0	0	0	0	0	0	0	0	0	1	5	5
6:162304489	0	0	0	1	0	0	2	3	0	0	0	0	1	1	0
6:163078413	23	0	21	22	2	0	6	13	11	18	15	19	4	21	10
6:165017736	17	0	4	19	0	0	2	3	0	0	0	0	0	0	0
6:165825477	0	0	0	0	0	0	0	0	0	0	0	0	7	7	2
6:166986841	0	0	0	1	2	2	2	5	0	0	1	4	0	2	0
6:167174663	3	0	4	0	1	3	2	6	2	3	3	3	3	3	1
6:168680353	2	0	2	1	1	3	2	0	0	0	1	4	1	1	0
6:169267920	11	1	6	9	6	14	13	9	6	10	14	10	10	13	8
