CNA_mutation	H002_iAsc1_CL1_DNA1	H002_iAsc1_DNA1	H002_iOme1_DNA1	H002_iOva2_DNA1	H002_iTubR1_DNA1	H002_iUte1_DNA1	H002_pOme1_CL12_DNA1	H002_pOme1_DNA1	H002_pOvaL1_DNA1	H002_pOvaL2_DNA1	H002_pPer1_DNA1	H002_pPer2_DNA1	H002_pPer_CL13_DNA1	H002R_rAsc1_DNA1
4:12281:51624	1	1	1	1	1	1	1	0	1	1	1	1	1	1
4:12281:66827	1	1	1	1	1	1	1	1	0	1	1	1	0	0
4:12281:4484810	1	1	1	1	1	1	1	1	1	0	1	1	1	1
4:12281:68509237	1	1	1	1	1	1	1	1	1	1	0	0	1	1
4:12281:146256621	1	1	1	1	0	1	1	1	1	1	1	1	1	1
4:12281:149039446	1	1	1	1	1	0	1	1	1	1	1	1	1	1
4:12281:190106768	1	1	1	1	1	1	1	1	1	1	1	1	1	1
4:62026:68509237	0	1	1	1	1	1	1	0	1	1	1	1	0	1
4:66086:4023544	1	1	1	1	1	1	1	1	0	1	1	1	1	1
4:66086:68494771	1	1	1	1	1	1	0	1	1	1	1	1	1	0
4:4024468:4653013	1	1	1	1	1	1	1	1	0	1	1	1	1	1
4:4490028:4655142	1	1	1	1	1	1	1	1	1	0	1	1	1	1
4:4655142:68506285	1	1	1	1	1	1	1	1	0	1	1	1	1	1
4:68501424:68623617	0	1	1	1	1	1	1	0	1	1	1	0	0	0
4:68620261:98134739	1	1	1	1	1	1	1	1	1	1	1	0	1	1
4:68620261:160760492	1	1	1	1	1	1	1	1	0	0	1	1	1	1
4:68623617:83746807	0	1	1	1	1	1	1	1	1	1	1	1	1	1
4:68623617:125242526	1	1	1	1	1	1	1	1	1	1	1	1	0	1
4:68623617:139841266	1	1	1	1	1	1	1	1	1	1	0	1	1	1
4:68639397:83669415	1	1	1	1	1	1	1	1	1	1	1	1	1	0
4:68639397:160754525	1	1	1	1	1	1	0	0	1	1	1	1	1	1
4:83669888:83949912	1	0	1	1	1	1	1	1	1	1	1	1	1	1
4:83747791:83843585	0	1	1	1	1	1	1	1	1	1	1	1	1	1
4:83843608:160748342	0	1	1	1	1	1	1	1	1	1	1	1	1	1
4:83950086:160751837	1	0	1	1	1	1	1	1	1	1	1	1	1	1
4:98135726:98178114	1	1	1	1	1	1	1	1	1	1	1	0	1	1
4:98180454:145801440	1	1	1	1	1	1	1	1	1	1	1	0	1	1
4:125243143:125455017	1	1	1	1	1	1	1	1	1	1	1	1	0	1
4:125455108:140143398	1	1	1	1	1	1	1	1	1	1	1	1	0	1
4:139843193:145801440	1	1	1	1	1	1	1	1	1	1	0	1	1	1
4:140143412:148813063	1	1	1	1	1	1	1	1	1	1	1	1	0	1
4:145803904:145846073	1	1	1	1	1	1	1	1	1	1	1	0	1	1
4:145847242:148964936	1	1	1	1	1	1	1	1	1	1	0	1	1	1
4:145847242:151795456	1	1	1	1	1	1	1	1	1	1	1	0	1	1
4:146256670:151311435	1	1	1	1	0	1	1	1	1	1	1	1	1	1
4:148813233:150924686	1	1	1	1	1	1	1	1	1	1	1	1	0	1
4:148965841:151795456	1	1	1	1	1	1	1	1	1	1	0	1	1	1
4:149043373:151092830	1	1	1	1	1	0	1	1	1	1	1	1	1	1
4:150924746:150928882	1	1	1	1	1	1	1	1	1	1	1	1	0	1
4:150928934:151792485	1	1	1	1	1	1	1	1	1	1	1	1	0	1
4:151312414:167828995	1	1	1	1	0	1	1	1	1	1	1	1	1	1
4:151795456:155451944	1	1	1	1	1	1	1	1	1	1	1	1	0	1
4:151796176:155405340	1	1	1	1	1	1	1	1	1	1	1	0	1	1
4:155411762:160379786	1	1	1	1	1	1	1	1	1	1	1	0	1	1
4:155454822:160176664	1	1	1	1	1	1	1	1	1	1	1	1	0	1
4:160179849:160760492	1	1	1	1	1	1	1	1	1	1	1	1	0	1
4:160380218:160748342	1	1	1	1	1	1	1	1	1	1	0	1	1	1
4:160380218:160760492	1	1	1	1	1	1	1	1	1	1	1	0	1	1
4:160750963:160823848	1	1	1	1	1	1	1	0	0	1	0	1	0	0
4:160823848:162512336	1	1	1	1	1	1	1	1	1	1	1	1	0	1
4:160823848:171017806	1	1	1	1	1	1	1	1	1	1	1	0	1	1
4:160823848:172532557	0	1	1	1	1	1	1	1	1	1	1	1	1	1
4:160828103:171929893	1	0	1	1	1	1	1	1	1	1	1	1	1	1
4:162515593:162635575	1	1	1	1	1	1	1	1	1	1	1	1	0	1
4:162639588:177900125	1	1	1	1	1	1	1	1	1	1	1	1	0	1
4:167829441:167837075	1	1	1	1	2	1	1	1	1	1	1	1	1	1
4:171017833:171020614	1	1	1	1	1	1	1	1	1	1	1	0	1	1
4:171934778:173291783	1	0	1	1	1	1	1	1	1	1	1	1	1	0
4:172534095:172778714	0	1	1	1	1	1	1	1	1	1	1	1	1	1
4:172778898:190106768	0	1	1	1	1	1	1	1	1	1	1	1	1	1
4:177900218:178056898	1	1	1	1	1	1	1	1	1	1	1	1	0	1
4:178056986:179038895	1	1	1	1	1	1	1	1	1	1	1	1	0	1
4:179038929:179208927	1	1	1	1	1	1	1	1	1	1	1	1	0	1
5:15532:2278151	1	1	1	1	1	1	1	1	1	1	1	1	3	1
5:15532:2719242	2	1	1	1	1	1	1	1	1	1	1	1	1	1
5:15532:13999175	1	2	1	1	1	1	1	1	1	1	3	1	1	1
5:15532:17265505	1	1	1	1	1	1	1	1	1	1	1	2	1	1
5:15532:21006761	1	1	1	1	1	1	2	1	1	1	1	1	1	1
5:15532:46389171	1	1	1	1	1	1	1	2	1	2	1	1	1	1
5:15532:81290873	1	1	1	1	1	1	1	1	1	1	1	1	1	1
5:15532:181363319	1	1	1	1	1	1	1	1	1	1	1	1	1	1
5:2282234:13100106	1	1	1	1	1	1	1	1	1	1	1	1	2	1
5:2720455:11648152	2	1	1	1	1	1	1	1	1	1	1	1	1	1
5:11650898:13238430	2	1	1	1	1	1	1	1	1	1	1	1	1	1
5:13104830:18404720	1	1	1	1	1	1	1	1	1	1	1	1	3	1
5:13238943:17814353	2	1	1	1	1	1	1	1	1	1	1	1	1	1
5:13992430:17928463	1	1	1	1	1	1	1	1	1	1	2	1	1	1
5:13999573:17601952	1	2	1	1	1	1	1	1	1	1	1	1	1	1
5:17270333:32010398	1	1	1	1	1	1	1	1	1	1	1	3	1	1
5:17602350:46389171	1	2	1	1	1	1	1	1	1	1	1	1	1	1
5:17815493:29955999	2	1	1	1	1	1	1	1	1	1	1	1	1	1
5:17928552:46382550	1	1	1	1	1	1	1	1	1	1	3	1	1	1
5:18405635:30000478	1	1	1	1	1	1	1	1	1	1	1	1	2	1
5:21012522:21048885	1	1	1	1	1	1	2	1	1	1	1	1	1	1
5:29956505:44207624	2	1	1	1	1	1	1	1	1	1	1	1	1	1
5:30006447:46381680	1	1	1	1	1	1	1	1	1	1	1	1	2	1
5:32012924:46381680	1	1	1	1	1	1	1	1	1	1	1	2	1	1
5:44208307:46389171	2	1	1	1	1	1	1	1	1	1	1	1	1	1
5:46382550:54610983	1	1	1	1	1	1	1	1	1	1	1	1	1	1
5:46382550:100245790	1	1	1	1	1	1	1	1	1	1	1	1	1	1
5:46383233:81290873	1	1	1	1	1	1	1	1	1	1	1	1	1	1
5:46383233:181363319	1	1	1	1	1	1	1	1	1	1	1	1	1	1
5:50136997:52897688	1	1	1	1	1	1	1	1	1	1	1	1	1	1
5:50136997:151396941	1	1	1	1	1	1	1	1	1	1	1	1	1	1
5:50136997:181363319	1	1	1	1	1	1	1	1	1	1	1	1	1	2
5:52898497:52929251	1	1	1	1	1	1	1	1	1	1	1	1	1	1
5:52931344:181363319	1	1	1	1	1	1	1	1	1	1	1	1	1	1
5:54614141:56818089	1	1	1	1	1	1	1	1	1	1	1	1	2	1
5:56819209:65755977	1	1	1	1	1	1	1	1	1	1	1	1	1	1
5:65756121:74552829	1	1	1	1	1	1	1	1	1	1	1	1	2	1
5:81291324:81325771	1	1	1	1	1	1	1	1	1	1	1	1	2	1
5:81330127:82492818	1	1	1	1	1	1	1	1	1	1	2	1	1	1
5:81330127:100245790	1	1	1	1	1	1	1	1	1	1	1	1	1	1
5:81330127:116858530	1	1	1	1	1	1	1	1	1	1	1	1	1	1
5:100245820:100263459	1	1	1	1	1	1	1	1	1	1	1	3	1	1
5:100264445:178328432	1	1	1	1	1	1	1	1	1	1	1	1	1	1
5:116860026:116877085	1	1	1	1	1	1	1	1	1	1	1	1	1	1
5:116877619:122090427	1	1	1	1	1	1	1	1	1	1	1	1	1	1
5:122090980:127913444	1	1	1	1	1	1	1	1	1	1	1	1	2	1
5:127913502:158498299	1	1	1	1	1	1	1	1	1	1	1	1	1	1
5:151397147:151409503	1	1	1	1	0	1	1	1	1	1	1	1	1	1
5:158498554:160769777	1	1	1	1	1	1	1	1	1	1	1	1	2	1
5:178328542:178334788	1	1	1	1	1	1	1	1	1	1	1	1	1	1
6:149661:257353	2	2	1	1	1	1	2	2	1	2	1	1	2	2
6:149661:19302552	1	1	1	1	1	1	1	1	1	1	1	1	1	1
6:149661:51801606	1	1	1	1	1	1	1	1	1	1	1	2	1	1
6:149661:67434673	1	1	1	1	1	1	1	1	1	1	2	1	1	1
6:149661:106748577	1	1	1	1	1	1	1	1	1	1	1	1	1	1
6:149661:170741917	1	1	1	1	1	1	1	1	1	1	1	1	1	1
6:257353:323084	1	1	1	1	1	1	1	1	1	1	1	1	1	1
6:257353:376937	1	1	1	1	1	1	1	1	1	1	1	1	1	1
6:323326:67451265	1	2	1	1	1	1	1	1	1	1	1	1	1	1
6:378703:1216141	2	1	1	1	1	1	1	1	1	1	1	1	1	1
6:378703:24673772	1	1	1	1	1	1	1	1	1	2	1	1	1	1
6:378703:30454704	1	1	1	1	1	1	2	1	1	1	1	1	1	1
6:378703:47032785	1	1	1	1	1	1	1	1	1	1	1	1	2	1
6:378703:67451592	1	1	1	1	1	1	1	1	1	1	1	1	1	2
6:378703:67467742	1	1	1	1	1	1	1	2	1	1	1	1	1	1
6:1216291:1217265	1	1	1	1	1	1	1	1	1	1	1	1	1	1
6:1217594:67451592	2	1	1	1	1	1	1	1	1	1	1	1	1	1
6:19302945:19324675	1	1	1	1	1	0	1	1	1	1	1	1	1	1
6:19324885:32461981	1	1	1	1	1	1	1	1	1	1	1	1	1	1
6:24674721:24693295	1	1	1	1	1	1	1	1	1	1	1	1	1	1
6:24693618:32461866	1	1	1	1	1	1	1	1	1	2	1	1	1	1
6:30455138:30509499	1	1	1	1	1	1	1	1	1	1	1	1	1	1
6:30515216:67451592	1	1	1	1	1	1	2	1	1	1	1	1	1	1
6:32461942:32463775	1	1	1	1	1	1	1	1	1	2	1	1	1	1
6:32462117:32480352	1	1	1	1	1	2	1	1	1	1	1	1	1	1
6:32480352:51778216	1	1	1	1	1	1	1	1	1	2	1	1	1	1
6:32480822:170741917	1	1	1	1	1	1	1	1	1	1	1	1	1	1
6:47033876:47111880	1	1	1	1	1	1	1	1	1	1	1	1	2	1
6:47112791:67467742	1	1	1	1	1	1	1	1	1	1	1	1	2	1
6:51778470:51806363	1	1	1	1	1	1	1	1	1	2	1	1	1	1
6:51803114:51806523	1	1	1	1	1	1	1	1	1	1	1	3	1	1
6:51806523:67457837	1	1	1	1	1	1	1	1	1	2	1	1	1	1
6:51806552:67439311	1	1	1	1	1	1	1	1	1	1	1	2	1	1
6:67439311:68007638	1	1	1	1	1	1	1	1	1	1	1	1	1	1
6:67451535:67979297	1	1	1	1	1	1	1	1	1	1	1	1	1	1
6:67457081:68007638	1	1	1	1	1	1	1	1	1	1	1	1	1	1
6:67468896:67979297	1	1	1	1	1	1	1	1	1	1	1	1	1	1
6:67975842:68656043	1	2	1	1	1	1	1	1	2	2	1	1	2	1
6:67979297:68669284	2	1	1	1	1	1	1	2	1	1	1	1	1	2
6:68011129:68673796	1	1	1	1	1	1	2	1	1	1	2	2	1	1
6:68654947:72598766	1	1	1	1	1	1	1	1	1	1	1	1	1	1
6:68655995:82262379	1	1	1	1	1	1	1	1	1	1	1	1	1	1
6:68666344:72538163	1	1	1	1	1	1	1	1	1	1	1	1	1	1
6:68666344:82263167	1	1	1	1	1	1	1	1	1	1	1	1	1	1
6:68669284:78270116	1	1	1	1	1	1	1	1	1	1	1	1	1	1
6:68672615:78304623	1	1	1	1	1	1	1	1	1	1	1	1	1	1
6:72538163:72654946	2	1	1	1	1	1	1	1	1	1	1	1	2	1
6:72538163:72688776	1	1	1	1	1	1	1	2	1	1	1	1	1	1
6:72599474:72677836	1	1	1	1	1	1	1	1	2	1	1	1	1	1
6:72653582:78310037	1	1	1	1	1	1	1	1	1	1	1	1	1	1
6:72663851:78304623	1	1	1	1	1	1	1	1	1	1	1	1	1	1
6:72680985:82235739	1	1	1	1	1	1	1	1	1	1	1	1	1	1
6:78270631:78332092	1	1	1	1	1	1	1	1	1	1	1	2	1	1
6:78302386:78332092	0	1	1	1	1	1	2	1	1	1	0	1	2	0
6:78329517:82134391	1	1	1	1	1	1	1	1	1	1	1	1	1	1
6:78329517:82262379	1	1	1	1	1	1	1	1	1	1	1	1	1	1
6:78329517:82235739	1	1	1	1	1	1	1	1	1	1	1	1	1	1
6:82137423:85924944	1	1	1	1	1	1	1	1	1	1	2	1	1	1
6:82235739:85908276	1	1	1	1	1	1	1	2	1	1	1	1	1	2
6:82238316:85888816	1	1	1	1	1	1	2	1	1	1	1	1	1	1
6:82238316:85924944	1	1	1	1	1	1	1	1	1	1	1	2	1	1
6:82260063:85908276	1	1	1	1	1	1	1	1	1	2	1	1	2	1
6:82263167:85888816	2	1	1	1	1	1	1	1	1	1	1	1	1	1
6:82264372:85810284	1	2	1	1	1	1	1	1	1	1	1	1	1	1
6:85810619:108705363	1	1	1	1	1	1	1	1	1	1	1	1	1	1
6:85899574:108714613	1	1	1	1	1	1	1	1	1	1	1	1	1	1
6:85899574:108728358	1	1	1	1	1	1	1	1	1	1	1	1	1	1
6:85913091:108741495	1	1	1	1	1	1	1	1	1	1	1	1	1	1
6:85925291:108719604	1	1	1	1	1	1	1	1	1	1	1	1	1	1
6:85925291:108744538	1	1	1	1	1	1	1	1	1	1	1	1	1	1
6:106748964:108728358	1	1	1	1	0	1	1	1	1	1	1	1	1	1
6:108707499:111436193	1	2	1	1	1	1	1	1	1	1	1	1	1	1
6:108716227:111057556	2	1	1	1	1	1	1	1	1	1	1	1	1	1
6:108725902:111423708	1	1	1	1	1	1	1	1	1	1	2	1	1	1
6:108728404:111057556	1	1	1	1	1	1	1	1	1	1	1	1	1	2
6:108728404:111436193	1	1	1	1	1	1	1	1	1	2	1	1	1	1
6:108741495:111423708	1	1	1	1	1	1	1	2	1	1	1	2	1	1
6:108741663:111057556	1	1	1	1	1	1	1	1	2	1	1	1	1	1
6:111058478:111116955	1	1	1	1	1	1	1	1	1	1	1	1	1	1
6:111116670:111436193	2	1	1	1	1	1	1	1	2	1	1	1	1	2
6:111116955:111423708	1	1	1	1	1	1	2	1	1	1	1	1	1	1
6:111425802:112446021	1	1	1	1	1	1	1	1	1	1	1	1	1	1
6:111425802:131522131	1	1	1	1	1	1	1	1	1	1	1	1	1	1
6:111437141:112446021	1	1	1	1	1	1	1	1	1	1	1	1	1	1
6:111437141:131524012	1	1	1	1	1	1	1	1	1	1	1	1	1	1
6:112446021:112670175	2	1	1	1	1	1	1	2	2	1	1	1	1	2
6:112666817:131522131	1	1	1	1	1	1	1	1	1	1	1	1	1	1
6:131523020:134450312	1	1	1	1	1	1	1	1	1	2	1	1	2	2
6:131523020:134496927	1	2	1	1	1	1	1	1	1	1	1	2	1	1
6:134450188:136447316	1	1	1	1	1	1	1	1	1	1	1	1	1	1
6:134497176:142971177	1	1	1	1	1	1	1	1	1	1	1	1	1	1
6:136446711:136545663	1	1	1	1	1	1	1	1	1	1	1	1	2	1
6:136446711:136711355	2	1	1	1	1	1	1	2	1	1	1	1	1	2
6:136552781:142976370	1	1	1	1	1	1	1	1	1	1	1	1	1	1
6:136711319:142973004	1	1	1	1	1	1	1	1	1	1	1	1	1	1
6:142970894:143109098	2	1	1	1	1	1	1	1	1	2	2	2	2	2
6:142981903:143090625	1	1	1	1	1	1	2	1	1	1	1	1	1	1
6:143093658:144430456	1	1	1	1	1	1	1	1	1	1	1	1	1	1
6:144423491:146075563	2	1	1	1	1	1	1	1	1	1	2	1	1	1
6:144423491:146241641	1	1	1	1	1	1	2	2	1	1	1	2	2	1
6:144432488:146229875	1	1	1	1	1	1	1	1	1	1	1	1	1	2
6:146076662:146113606	1	1	1	1	1	1	1	1	1	1	1	1	1	1
6:146076662:149238429	1	1	1	1	1	1	1	1	1	1	1	1	1	1
6:146118057:146241151	1	1	1	1	1	1	1	1	1	1	1	1	1	1
6:146236091:149210911	1	1	1	1	1	1	1	1	1	1	1	1	1	1
6:146241641:146264320	1	1	1	1	1	1	1	1	1	1	1	1	1	1
6:146241641:149196584	1	1	1	1	1	1	1	1	1	1	1	1	1	1
6:146242356:149044928	1	1	1	1	1	1	1	1	1	1	1	1	1	1
6:146242356:149239830	1	1	1	1	1	1	1	1	1	1	1	1	1	1
6:146264992:146264992	1	1	1	1	1	1	0	1	1	1	1	1	1	1
6:146266488:149202440	1	1	1	1	1	1	1	1	1	1	1	1	1	1
6:149046975:149474125	1	1	1	1	1	1	1	1	1	1	1	1	2	1
6:149196707:149509797	1	2	1	1	1	1	1	1	1	1	1	1	1	1
6:149209410:149474125	2	1	1	1	1	1	2	1	2	1	1	2	1	1
6:149239830:149474125	1	1	1	1	1	1	1	1	1	1	2	1	1	1
6:149244117:149442178	1	1	1	1	1	1	1	1	1	2	1	1	1	1
6:149472497:149509797	1	1	1	1	1	1	1	1	1	1	1	1	1	1
6:149512041:170741917	1	1	1	1	1	1	1	1	1	1	1	1	1	1
4:83669888:83935493	1	1	1	1	1	1	1	1	1	1	1	1	1	0
4:83936767:160751837	1	1	1	1	1	1	1	1	1	1	1	1	1	0
4:160828103:168506049	1	1	1	1	1	1	1	1	1	1	1	1	1	0
4:168506255:168523506	1	1	1	1	1	1	1	1	1	1	1	1	1	0
4:168526369:171929893	1	1	1	1	1	1	1	1	1	1	1	1	1	0
5:15532:45915946	1	1	1	1	1	1	1	1	1	1	1	1	1	2
5:45921037:46389171	1	1	1	1	1	1	1	1	1	1	1	1	1	2
6:323326:376937	1	1	1	1	1	1	1	1	1	1	1	1	1	1
6:72549663:72728495	1	1	1	1	1	1	1	1	1	1	1	1	1	2
6:72728703:78304333	1	1	1	1	1	1	1	1	1	1	1	1	1	1
6:112668007:123914771	1	1	1	1	1	1	1	1	1	1	1	1	1	1
6:123915076:123917055	1	1	1	1	1	1	1	1	1	1	1	1	1	1
6:123919858:131522131	1	1	1	1	1	1	1	1	1	1	1	1	1	1
6:149214762:149509797	1	1	1	1	1	1	1	1	1	1	1	1	1	2
