mut	"H002R_rAsc1_DNA1"	"H002_B1144_DNA1"	"H002_iAsc1_CL1_DNA1"	"H002_iAsc1_DNA1"	"H002_iOme1_DNA1"	"H002_iOva2_DNA1"	"H002_iTubR1_DNA1"	"H002_iUte1_DNA1"	"H002_pOme1_CL12_DNA1"	"H002_pOme1_DNA1"	"H002_pOvaL1_DNA1"	"H002_pOvaL2_DNA1"	"H002_pPer1_DNA1"	"H002_pPer2_DNA1"	"H002_pPer_CL13_DNA1"
4:904586	22	21	16	16	9	50	44	44	14	18	15	20	21	29	5
4:1659551	37	20	18	45	38	72	69	65	20	27	41	57	52	57	20
4:4021115	37	20	21	26	29	71	62	66	20	23	23	43	51	51	14
4:4105148	38	26	24	30	27	75	71	95	23	33	34	39	49	38	17
4:5687381	47	38	19	28	27	100	85	69	18	42	42	45	45	38	18
4:6376136	25	34	27	32	29	84	76	65	8	33	33	35	35	48	16
4:6912031	40	33	27	19	38	101	86	66	22	33	41	55	47	53	21
4:12109204	4	9	2	10	13	57	43	38	2	5	6	17	12	15	4
4:15278819	45	29	10	23	23	71	69	77	16	38	28	29	46	39	14
4:15970472	40	28	19	32	25	100	68	72	18	42	33	48	57	56	18
4:18144292	29	28	18	22	19	72	57	57	18	39	25	27	23	26	6
4:20545458	39	29	12	26	25	96	67	68	10	28	31	25	41	50	14
4:21295918	7	20	1	5	11	49	30	22	1	7	1	8	12	18	2
4:22727908	30	26	20	31	21	97	90	83	19	40	23	41	34	51	13
4:24380452	29	23	7	28	19	96	60	69	16	28	27	27	45	47	18
4:27713557	27	33	14	17	29	80	74	71	10	33	20	28	45	35	11
4:29539308	37	44	12	27	30	107	79	70	15	37	34	56	45	35	11
4:32147725	31	29	9	22	17	68	60	58	18	27	19	25	39	50	21
4:33101558	19	21	7	19	16	49	47	43	12	15	16	26	32	29	17
4:34485123	24	12	16	24	20	73	54	39	13	18	17	43	29	40	12
4:36184276	3	19	3	3	12	48	29	26	4	8	4	12	19	15	2
4:36444781	36	23	12	35	16	91	63	61	23	27	30	54	47	41	11
4:37014985	36	36	17	37	28	75	64	65	7	27	35	35	33	39	19
4:42952351	32	29	12	24	30	84	57	60	21	21	25	40	36	51	14
4:43843134	26	28	19	32	31	100	82	61	17	40	44	42	45	61	21
4:45457149	28	33	15	27	37	77	69	70	12	28	38	40	55	52	11
4:47518262	31	32	21	32	29	92	74	75	13	29	25	41	44	47	21
4:49118143	22	29	16	26	22	78	63	64	7	20	26	39	36	39	10
4:49164008	85	66	52	95	45	199	160	139	46	113	122	99	79	119	51
4:49178883	55	27	33	49	29	97	93	94	27	55	62	60	51	74	25
4:49202349	49	39	22	51	38	104	107	102	32	64	61	76	67	68	19
4:49202350	49	39	23	51	38	102	108	100	32	62	61	78	66	67	18
4:49218876	77	43	35	65	38	125	111	94	34	73	75	92	70	85	32
4:49512629	227	190	124	208	177	561	465	447	100	195	199	264	281	291	84
4:49543512	37	33	21	30	23	91	73	78	15	39	43	54	46	55	18
4:49546049	42	35	23	32	38	94	74	75	24	33	39	55	46	49	20
4:49551722	34	33	17	31	34	124	84	94	13	46	45	55	54	46	21
4:49602678	26	23	14	36	33	91	75	67	8	34	33	44	48	53	6
4:49602679	27	23	13	36	34	90	76	67	8	34	33	43	48	54	6
4:49626334	69	45	31	55	28	114	104	121	30	50	50	65	54	65	19
4:49636232	29	27	26	23	24	100	83	71	18	35	37	39	41	51	5
4:49641446	62	45	32	45	43	137	111	114	29	50	51	65	65	67	32
4:49649703	36	29	28	24	32	120	79	76	19	42	45	41	50	46	18
4:58729608	23	24	24	33	32	78	92	65	15	31	37	46	60	44	14
4:59503172	36	25	20	20	28	76	78	64	17	32	34	37	39	48	14
4:61886782	19	27	14	26	20	64	68	42	8	29	23	26	45	43	14
4:64549196	38	31	18	32	35	91	103	65	15	38	31	48	51	42	20
4:66510714	30	29	9	20	28	85	60	40	10	23	26	32	29	35	8
4:69382688	28	21	21	24	24	68	74	82	18	33	31	33	47	44	11
4:71078211	31	27	18	12	22	66	61	69	10	27	36	35	39	37	10
4:80692965	37	33	18	30	38	115	109	68	13	24	40	45	50	46	18
4:83186460	21	9	11	12	13	32	23	32	19	26	20	20	25	23	9
4:87892974	23	38	19	29	21	94	74	75	16	36	37	41	44	69	22
4:98186448	37	26	17	28	24	101	73	85	14	26	17	34	49	40	12
4:100864149	32	41	17	34	30	88	79	78	15	46	42	38	45	39	17
4:102239317	46	28	25	27	29	84	63	78	17	44	37	40	38	56	21
4:102893941	37	20	16	36	33	81	89	83	22	39	31	48	43	39	20
4:104307499	24	34	9	24	18	54	79	64	8	21	39	19	25	29	22
4:109164410	3	19	1	3	9	39	31	27	4	1	4	12	11	19	2
4:111747119	32	31	13	27	19	79	62	73	16	28	25	44	37	32	16
4:111896134	5	13	15	18	4	17	22	29	9	8	9	13	11	24	12
4:112685140	36	31	19	34	23	96	72	70	9	33	25	43	43	43	20
4:115410546	13	17	7	13	17	52	34	30	8	12	11	16	19	21	11
4:115818911	40	31	11	21	27	90	64	52	11	26	30	46	24	38	17
4:129595612	35	30	12	25	27	105	84	88	18	34	36	48	50	51	9
4:131688276	40	32	19	42	27	119	89	79	24	46	43	53	54	49	20
4:131817414	33	37	14	25	24	80	95	90	19	38	26	45	59	62	18
4:131874194	42	36	11	27	24	102	78	87	17	43	32	60	42	46	10
4:133303016	32	36	12	30	31	119	68	86	11	32	33	42	34	58	14
4:139248498	34	32	17	36	25	89	62	70	21	24	32	46	38	42	20
4:142409408	23	23	13	22	20	79	53	68	10	32	22	38	39	39	23
4:143880044	43	30	13	23	24	90	92	72	17	24	34	43	46	54	16
4:143960910	32	23	19	29	26	77	66	60	19	26	31	32	28	56	17
4:143965494	34	21	24	28	22	80	81	73	11	33	33	29	42	53	21
4:144125394	32	33	8	17	41	111	95	73	15	32	35	37	62	71	30
4:145501655	33	32	17	33	16	87	62	70	12	30	32	33	46	49	18
4:148508147	36	20	20	34	23	71	64	71	25	31	35	37	42	57	12
4:153152425	26	24	15	18	19	68	54	48	17	31	27	40	36	33	10
4:155311934	39	35	20	32	23	96	85	78	11	28	32	36	42	36	5
4:156573790	26	27	16	22	25	70	58	84	21	45	28	30	48	66	21
4:160659143	25	18	19	23	9	52	28	36	11	15	12	17	18	18	5
4:165012545	28	28	23	27	23	107	76	64	14	28	29	37	37	35	11
4:165641641	36	27	15	31	32	89	70	90	15	35	35	44	39	44	22
4:171310970	20	25	10	27	30	82	61	67	13	32	37	30	27	36	10
4:177623227	29	24	16	34	36	106	69	70	13	34	27	37	35	47	11
4:178570460	23	27	16	23	28	78	63	62	15	30	27	48	43	37	6
4:181222656	25	20	11	25	26	84	57	63	20	32	22	29	26	38	13
4:186387672	21	25	18	28	27	83	57	51	12	23	32	35	30	36	15
4:187780028	38	35	10	28	24	82	79	70	13	34	42	35	46	35	12
4:190050131	29	18	12	23	23	80	61	54	15	29	31	30	36	35	13
4:190052613	24	19	11	16	16	80	59	44	16	14	21	30	26	23	12
5:15884	221	40	116	253	39	138	129	140	68	117	146	163	72	86	57
5:110129	112	26	66	99	22	52	49	68	33	50	94	69	61	69	29
5:282005	88	15	49	67	22	57	58	91	33	49	46	54	42	36	19
5:723591	181	36	101	154	27	81	107	99	50	77	117	122	85	78	43
5:1903159	96	21	14	92	15	65	48	57	23	58	60	61	36	53	25
5:2020977	180	24	91	141	37	67	98	91	47	93	113	116	61	84	33
5:2485913	157	16	73	128	12	43	73	77	30	65	84	91	27	43	24
5:4364304	173	22	93	158	34	87	113	122	43	101	94	134	72	76	35
5:9656452	177	23	87	170	37	87	106	138	62	112	132	128	85	105	50
5:10143251	135	19	48	107	16	59	71	100	44	82	113	85	59	64	34
5:11830786	161	29	88	159	31	86	105	115	53	88	113	123	60	66	23
5:11925061	183	27	98	141	35	74	121	125	54	100	119	120	61	73	48
5:12268492	142	28	80	155	38	87	121	104	43	85	115	105	66	57	31
5:13139369	186	19	107	151	32	86	97	104	46	103	122	127	86	68	49
5:13320166	172	35	118	160	17	87	120	111	39	107	142	128	61	79	51
5:13738424	187	25	121	175	40	98	153	143	70	95	117	127	76	101	51
5:14838713	180	47	83	156	35	73	101	126	53	93	132	101	81	82	53
5:15303437	160	38	95	130	27	82	97	116	53	126	108	105	88	84	37
5:16214351	140	22	85	135	29	70	106	115	62	89	110	122	65	66	35
5:17498134	199	36	111	188	22	67	132	107	54	105	117	117	66	79	31
5:17967731	228	33	98	183	45	102	122	180	78	133	146	153	94	98	60
5:18344571	180	29	82	184	42	103	99	128	49	127	112	140	72	74	49
5:18461147	128	25	69	117	36	60	92	106	43	80	95	90	57	54	42
5:19013987	167	22	68	136	31	76	94	100	53	91	104	102	59	75	35
5:19030687	187	27	104	158	17	79	90	113	65	93	125	113	72	79	42
5:19603262	194	25	98	171	29	88	144	128	46	112	119	114	67	78	52
5:19712652	198	30	74	156	18	99	101	148	38	101	119	116	59	71	41
5:20334428	148	29	61	129	32	66	90	112	51	74	111	107	54	64	36
5:22023579	178	37	96	146	36	77	105	106	59	90	103	107	64	84	30
5:22885740	72	21	37	56	19	47	50	49	29	48	45	44	26	34	17
5:24274795	166	19	71	105	26	64	108	116	42	92	91	101	63	52	26
5:24396715	142	26	77	147	30	81	113	93	36	78	98	112	61	65	29
5:25614923	155	20	84	167	43	71	111	96	58	100	142	137	63	82	43
5:25661164	188	39	101	159	25	106	108	134	55	123	143	130	70	90	36
5:26345703	170	22	75	137	33	79	97	105	40	80	105	89	59	75	35
5:27442337	188	22	83	147	30	98	92	126	52	96	109	120	68	76	31
5:27982707	170	37	79	148	36	80	105	97	37	110	106	92	66	60	41
5:31141453	163	24	100	123	29	59	88	111	64	93	118	114	81	66	35
5:31555113	193	31	82	165	38	77	103	135	60	120	122	106	81	102	44
5:31841208	148	19	109	183	23	73	102	122	54	108	117	103	53	63	37
5:32374515	175	28	88	171	31	87	104	129	57	100	129	113	58	80	53
5:32965554	153	24	92	130	27	72	84	110	34	76	94	105	66	62	39
5:33285802	144	23	80	143	27	76	91	104	52	95	97	110	77	67	35
5:34072739	202	26	112	191	33	104	131	128	64	132	159	140	74	95	47
5:34246365	157	32	72	167	30	70	97	110	50	99	109	106	68	58	40
5:34285548	183	31	83	168	28	69	105	113	47	104	114	122	81	79	46
5:35602322	178	32	80	141	26	79	95	116	39	113	124	125	78	92	56
5:35954420	222	25	106	175	32	85	106	136	73	116	124	143	70	82	48
5:36794978	154	20	79	126	28	51	92	104	58	80	112	98	60	61	41
5:36796733	171	24	71	156	33	57	97	106	47	86	101	121	71	73	46
5:36952054	184	39	95	152	29	96	104	140	43	110	105	139	67	100	42
5:38392629	174	19	89	155	36	73	98	125	52	103	122	112	77	87	38
5:40163359	197	35	88	163	33	95	130	107	53	119	113	127	61	70	51
5:41914456	34	9	19	31	13	29	41	26	14	28	35	35	32	27	14
5:42201914	142	21	71	125	30	60	73	108	37	77	104	99	58	57	26
5:43448784	158	25	81	152	21	62	94	116	49	84	92	94	55	61	43
5:43779017	222	21	93	178	32	94	130	127	52	113	140	143	77	97	47
5:45072621	193	19	88	160	32	99	130	141	55	92	127	137	82	80	42
5:45483634	194	32	82	166	30	94	121	127	53	106	123	128	80	90	47
5:45816810	155	22	92	137	35	67	81	95	60	109	125	119	56	82	48
5:45937584	198	26	78	143	32	86	131	133	46	116	123	144	92	94	53
5:50138674	19	8	17	13	20	28	18	36	9	17	17	22	17	29	25
5:56368354	53	19	38	60	19	100	90	70	25	49	49	59	60	57	19
5:56504987	69	19	27	50	38	93	81	95	31	47	45	44	50	93	31
5:56713086	51	28	36	53	24	79	83	77	23	54	46	62	64	50	30
5:56937328	80	40	33	43	31	80	83	88	26	51	46	45	56	55	23
5:67189739	54	30	31	55	32	80	85	81	33	51	41	63	68	62	26
5:69389012	78	40	34	58	16	87	66	99	31	47	45	59	41	66	22
5:73237570	64	35	27	52	24	80	57	70	21	39	36	40	49	39	24
5:75540299	57	27	28	56	27	90	67	76	18	36	45	47	52	52	21
5:76771393	29	14	15	29	13	34	30	39	18	27	24	25	14	38	13
5:77395220	38	18	26	34	15	50	52	45	19	31	30	30	21	33	21
5:77575257	67	39	38	68	32	76	83	77	16	39	53	53	48	61	28
5:77914921	64	24	33	66	30	114	98	85	26	53	43	55	57	69	32
5:83811064	51	30	28	43	25	70	74	85	28	30	51	47	47	57	18
5:86308952	45	34	31	56	28	95	64	76	16	48	31	54	53	44	21
5:87698598	67	28	38	82	25	101	81	84	25	47	46	52	62	59	30
5:88471341	34	25	10	37	13	55	40	65	25	24	30	42	39	24	11
5:90167367	54	30	23	34	28	79	62	74	17	37	38	41	51	41	17
5:92633930	55	32	45	56	33	78	101	99	22	70	52	62	52	68	35
5:93265896	30	20	20	29	15	37	50	38	6	29	36	26	26	29	21
5:93457591	60	26	41	49	23	95	73	84	17	47	37	46	42	47	17
5:93683312	39	26	33	39	27	74	57	65	29	42	35	47	46	67	23
5:93683461	65	36	33	61	31	86	85	75	24	52	58	45	49	67	27
5:94802328	72	41	27	76	36	112	98	111	19	50	49	58	49	55	29
5:101486721	84	29	34	57	27	71	88	83	26	45	54	60	44	65	24
5:103563776	46	27	23	59	22	62	57	73	20	41	44	50	39	52	28
5:105017445	57	31	39	48	31	90	95	98	32	36	48	58	61	64	31
5:105328349	44	28	26	49	29	74	61	69	22	34	26	46	40	53	21
5:105623209	49	22	37	44	19	75	79	61	21	40	38	41	46	46	8
5:106903358	69	37	42	48	33	86	77	94	26	56	44	52	45	72	24
5:120699234	50	23	28	44	25	103	76	77	14	45	36	44	42	64	26
5:124845143	46	25	19	46	23	59	69	59	24	35	30	44	36	46	23
5:126785721	47	29	20	54	38	77	57	63	20	45	39	48	44	51	24
5:128250893	52	34	31	52	23	95	73	83	28	60	67	53	39	66	24
5:128825682	70	30	43	70	27	127	111	100	31	66	61	55	59	71	41
5:130265717	42	14	18	33	13	60	47	42	15	31	29	31	35	36	20
5:133026615	49	26	38	46	20	58	51	62	21	32	32	61	42	56	29
5:141573996	32	14	25	38	18	70	24	48	20	23	29	36	33	29	11
5:143004473	63	21	30	47	41	91	75	76	23	41	48	58	63	58	22
5:144188320	71	34	42	73	38	87	93	107	28	58	41	62	52	64	44
5:151299372	55	23	17	39	22	54	30	56	13	32	28	29	42	45	12
5:152437858	43	18	10	27	14	53	44	44	6	19	19	24	19	17	6
5:152837251	60	29	44	63	42	88	88	100	27	52	40	63	52	54	24
5:154287909	51	31	36	57	24	97	88	81	18	55	41	49	39	50	16
5:156161227	86	27	39	55	32	95	89	83	23	48	51	60	65	59	24
5:156176119	24	25	18	30	18	53	47	37	15	37	30	32	30	35	7
5:156444041	43	32	32	55	29	60	101	75	23	38	48	62	49	47	12
5:159708381	67	32	40	61	36	85	112	88	19	55	54	56	50	81	28
5:161315345	61	27	43	51	26	91	96	99	20	46	45	66	39	58	21
5:161373919	38	27	18	46	23	54	61	58	23	28	39	40	33	37	23
5:162343670	34	20	14	22	18	43	43	42	19	25	37	38	29	38	10
5:165785698	54	20	40	47	29	74	62	91	24	48	48	49	55	55	14
5:166105840	58	23	33	47	29	76	84	84	16	39	45	49	48	54	21
5:169509787	65	32	36	47	29	82	76	72	20	56	55	47	47	49	14
5:169509788	64	30	36	48	29	81	76	72	20	55	55	47	46	48	14
5:174102749	53	24	24	35	32	87	73	71	23	37	32	39	33	54	20
5:175971704	23	15	12	18	19	29	28	38	9	30	21	27	27	17	10
5:177182918	63	22	28	58	24	75	73	78	25	49	42	52	29	53	14
5:179644891	97	45	52	91	37	126	118	124	20	73	64	80	66	82	32
5:179644892	95	45	51	92	37	126	120	124	21	73	64	80	66	83	32
5:181354525	59	31	21	64	17	75	60	80	52	72	54	71	61	85	34
6:92143	91	42	54	76	35	152	135	134	32	89	85	116	76	83	46
6:1053868	68	22	30	52	30	87	93	108	38	65	54	82	58	79	32
6:2104954	51	21	40	55	26	67	77	84	36	51	60	53	50	45	29
6:3127298	18	15	8	25	8	34	31	32	13	27	23	30	22	32	12
6:5022174	63	26	37	66	31	93	73	92	32	53	54	63	67	65	37
6:6286125	73	31	36	48	36	89	79	90	39	67	64	77	49	74	30
6:6353824	64	33	35	52	27	75	72	78	37	57	55	57	58	64	29
6:9382277	53	27	23	43	23	84	68	67	32	60	44	65	51	55	34
6:13877063	58	22	28	50	26	71	61	82	36	56	50	56	41	57	33
6:14680297	62	27	29	63	30	82	85	57	30	61	38	55	44	58	28
6:18234279	23	10	11	22	16	38	30	39	13	24	29	38	26	31	16
6:18259058	57	25	29	51	30	76	74	66	26	37	48	55	41	49	25
6:22695995	57	22	28	54	26	83	82	115	24	62	50	57	58	59	33
6:23119975	56	27	22	48	22	66	59	66	28	38	46	54	46	50	21
6:23264535	60	28	39	65	34	73	59	81	23	53	50	56	51	55	30
6:23397295	68	34	36	76	33	115	98	87	27	67	61	64	80	73	24
6:25909177	68	32	45	67	23	106	91	102	39	61	49	71	70	69	32
6:27521430	44	21	30	45	18	80	66	77	34	51	42	56	48	63	19
6:29943667	70	35	36	52	41	94	73	92	39	65	67	83	51	64	33
6:37209485	75	29	29	67	15	71	79	87	25	53	68	75	69	78	30
6:38340781	66	37	41	67	27	118	90	94	28	62	71	74	73	60	29
6:38787011	67	21	29	41	30	76	75	89	26	55	45	58	61	65	39
6:41709529	24	11	19	33	13	53	52	47	16	33	32	30	33	25	16
6:43500693	61	33	44	55	33	75	84	76	29	63	58	65	63	82	23
6:43652444	50	28	20	59	22	60	69	79	31	45	56	51	43	51	22
6:44112643	60	32	26	72	27	75	80	70	34	66	55	54	67	76	22
6:45046610	76	28	39	63	22	84	83	76	30	76	61	64	44	60	28
6:45553548	63	30	58	55	28	90	75	96	37	63	54	78	46	63	39
6:49177599	47	23	25	28	16	59	63	63	10	44	40	38	42	49	16
6:49819502	67	34	39	42	28	103	78	86	37	70	66	57	79	65	20
6:54342084	76	34	30	58	23	101	86	84	31	64	53	74	66	69	32
6:58138376	60	39	30	74	38	99	80	103	23	68	60	64	56	71	35
6:60637919	31	19	22	39	18	69	52	49	18	37	36	45	40	48	17
6:60705832	65	25	29	65	24	97	91	92	24	58	43	55	70	66	39
6:61673499	43	15	16	43	27	56	60	51	16	41	29	40	43	52	19
6:65502085	87	32	39	76	37	82	92	82	29	72	60	76	58	65	31
6:66271025	69	26	23	55	27	113	90	92	33	55	69	53	71	81	34
6:67089805	44	25	24	57	23	70	65	74	24	48	41	47	42	46	19
6:71068750	42	22	33	54	26	80	68	61	33	51	50	48	50	40	32
6:76086664	62	36	26	55	38	88	91	75	23	47	54	59	48	59	25
6:77385079	38	25	17	50	27	86	69	66	21	57	36	53	46	51	22
6:77496323	44	21	17	29	26	74	68	53	13	42	33	42	42	53	25
6:77662831	35	30	31	48	23	97	96	59	16	37	36	53	48	58	24
6:77828249	62	21	31	44	32	110	73	77	23	49	46	51	61	73	21
6:81833217	17	16	9	18	19	52	42	32	13	20	21	29	26	27	12
6:82263246	62	33	29	51	21	94	68	86	43	67	41	80	64	55	29
6:83359218	62	30	42	58	28	78	73	82	39	46	50	71	50	61	18
6:84598123	64	27	30	49	26	86	85	77	32	53	54	67	59	49	22
6:85670844	25	21	10	15	11	38	26	36	8	28	26	19	28	19	9
6:86511089	39	26	17	58	23	89	69	69	28	55	44	48	50	62	26
6:87923452	53	24	37	44	25	76	80	89	23	43	52	58	41	61	20
6:90464600	51	26	27	40	30	78	84	70	27	55	48	41	56	64	24
6:90971670	57	22	20	48	32	85	87	80	19	59	48	46	54	69	16
6:92653768	41	30	27	38	39	90	82	77	23	45	48	46	44	52	15
6:96967425	38	30	18	36	23	82	66	80	21	39	34	35	28	37	16
6:98104665	44	35	27	50	34	104	86	80	19	38	40	51	55	58	22
6:98687458	45	31	28	45	31	71	71	80	21	51	51	40	47	62	31
6:99496770	41	27	23	43	37	84	90	72	20	45	41	61	52	55	18
6:100086769	29	21	19	27	16	57	53	54	26	28	22	32	42	39	19
6:104446704	55	40	36	40	35	84	85	88	31	63	48	51	42	58	22
6:106544347	57	36	22	42	27	81	89	95	30	57	47	46	59	55	27
6:107630724	35	22	13	30	12	56	50	46	11	25	34	42	32	25	13
6:109577908	43	23	22	39	22	59	55	61	23	43	41	37	56	56	15
6:110319270	33	18	17	16	12	36	43	49	13	22	28	38	38	27	14
6:111893181	36	28	21	35	22	58	58	53	27	37	37	45	36	50	21
6:115121739	47	30	29	45	35	90	69	74	18	37	39	53	52	60	21
6:116574662	44	29	22	45	21	78	57	51	20	33	34	44	40	47	11
6:118330004	18	11	6	19	15	35	40	35	8	27	14	16	23	23	7
6:119934598	57	35	21	45	31	104	83	96	26	56	46	54	64	58	26
6:121677934	35	19	25	42	31	91	72	58	20	48	36	51	48	47	19
6:123070903	53	31	23	45	21	91	67	90	21	54	46	47	34	59	24
6:127455432	47	29	25	46	26	97	66	92	24	45	49	57	50	66	33
6:130572350	41	23	26	40	26	79	60	83	19	41	48	54	51	45	20
6:135250585	50	24	28	39	30	61	65	69	23	42	39	52	45	58	16
6:144412736	39	25	20	46	20	68	52	71	15	35	40	36	46	65	25
6:148215635	51	32	26	46	29	71	72	71	30	41	34	40	53	54	40
6:153282682	49	36	32	36	28	67	70	82	28	43	38	43	60	79	13
6:154968197	58	29	26	53	28	88	82	82	16	61	44	53	37	54	29
6:157999264	54	26	29	45	34	80	78	79	36	46	53	62	52	69	29
6:162304489	24	20	14	27	8	36	34	43	13	17	21	27	28	31	7
6:163078413	32	25	25	35	37	55	53	50	12	31	32	44	21	40	17
6:165017736	50	24	19	43	27	83	73	84	26	46	43	48	60	47	25
6:165825477	59	34	22	60	33	104	95	83	20	37	31	52	55	40	15
6:166986841	49	30	28	45	25	83	77	107	23	49	34	43	39	53	18
6:167174663	43	27	34	47	27	80	51	78	35	48	34	44	38	48	25
6:168680353	50	31	33	29	42	99	65	64	15	29	48	54	49	68	26
6:169267920	24	22	12	20	11	38	35	26	18	19	26	25	21	27	13
