"clone1"	"clone2"	"clone3"	"clone4"	"clone5"
"4:904586"	0	0	1	0	0
"4:1659551"	0	0	0	1	0
"4:4021115"	0	0	1	0	0
"4:4105148"	0	0	1	0	0
"4:5687381"	0	0	0	1	0
"4:6376136"	0	0	0	1	0
"4:6912031"	0	0	0	1	0
"4:12109204"	0	0	1	0	0
"4:15278819"	0	0	1	0	0
"4:15970472"	0	0	1	0	0
"4:18144292"	0	0	0	1	0
"4:20545458"	0	0	1	0	0
"4:21295918"	0	0	0	1	0
"4:22727908"	0	0	1	0	0
"4:24380452"	0	0	1	0	0
"4:27713557"	0	0	1	0	0
"4:29539308"	0	0	0	1	0
"4:32147725"	0	0	1	0	0
"4:33101558"	0	0	0	1	0
"4:34485123"	0	0	1	0	0
"4:36184276"	0	0	0	1	0
"4:36444781"	0	0	0	1	0
"4:37014985"	0	1	0	0	0
"4:42952351"	0	0	0	1	0
"4:43843134"	0	0	0	1	0
"4:45457149"	0	0	0	1	0
"4:47518262"	0	0	0	1	0
"4:49118143"	0	0	1	0	0
"4:49164008"	0	0	1	0	0
"4:49178883"	0	0	1	0	0
"4:49202349"	0	0	1	0	0
"4:49202350"	0	0	1	0	0
"4:49218876"	0	0	1	0	0
"4:49512629"	0	0	1	0	0
"4:49543512"	0	0	1	0	0
"4:49546049"	0	0	1	0	0
"4:49551722"	0	0	1	0	0
"4:49602678"	0	0	1	0	0
"4:49602679"	0	0	1	0	0
"4:49626334"	0	0	1	0	0
"4:49636232"	0	0	1	0	0
"4:49641446"	0	0	1	0	0
"4:49649703"	0	1	1	0	0
"4:58729608"	0	0	0	1	0
"4:59503172"	0	0	0	1	0
"4:61886782"	0	0	1	0	0
"4:64549196"	0	0	0	1	0
"4:66510714"	0	0	0	1	0
"4:69382688"	0	0	1	0	0
"4:71078211"	0	0	1	0	0
"4:80692965"	0	0	1	0	0
"4:83186460"	0	0	1	0	0
"4:87892974"	0	0	1	0	0
"4:98186448"	0	0	0	1	0
"4:100864149"	0	0	1	0	0
"4:102239317"	0	0	0	1	0
"4:102893941"	0	0	1	0	0
"4:104307499"	0	0	1	0	0
"4:109164410"	0	0	0	1	0
"4:111747119"	0	0	1	0	0
"4:111896134"	0	0	1	0	0
"4:112685140"	0	0	1	0	0
"4:115410546"	0	1	1	1	1
"4:115818911"	0	0	0	1	0
"4:129595612"	0	0	0	1	0
"4:131688276"	0	0	1	0	0
"4:131817414"	0	0	1	0	0
"4:131874194"	0	0	1	0	0
"4:133303016"	0	0	1	0	0
"4:139248498"	0	0	1	0	0
"4:142409408"	0	0	0	1	0
"4:143880044"	0	0	1	0	0
"4:143960910"	0	0	1	0	0
"4:143965494"	0	0	1	0	0
"4:144125394"	0	0	1	0	0
"4:145501655"	0	0	1	0	0
"4:148508147"	0	0	1	0	0
"4:153152425"	0	0	1	0	0
"4:155311934"	0	0	0	1	0
"4:156573790"	0	0	1	0	0
"4:160659143"	0	0	1	0	0
"4:165012545"	0	0	1	0	0
"4:165641641"	0	0	0	1	0
"4:171310970"	0	0	1	0	0
"4:177623227"	0	0	0	1	0
"4:178570460"	0	0	0	1	0
"4:181222656"	0	0	1	0	0
"4:186387672"	0	0	1	0	0
"4:187780028"	0	0	0	0	1
"4:190050131"	0	0	1	0	0
"4:190052613"	0	0	1	0	0
"5:15884"	0	0	1	0	0
"5:110129"	0	0	1	0	0
"5:282005"	0	0	0	1	0
"5:723591"	0	0	1	0	0
"5:1903159"	0	0	1	0	0
"5:2020977"	0	0	1	0	0
"5:2485913"	0	0	1	0	0
"5:4364304"	0	0	0	1	1
"5:9656452"	0	0	0	1	0
"5:10143251"	0	0	1	0	0
"5:11830786"	0	0	1	0	0
"5:11925061"	0	0	1	0	0
"5:12268492"	0	0	1	0	0
"5:13139369"	0	0	1	0	0
"5:13320166"	0	0	1	0	0
"5:13738424"	0	0	1	0	0
"5:14838713"	0	0	1	0	0
"5:15303437"	0	0	1	0	0
"5:16214351"	0	0	1	0	0
"5:17498134"	0	0	1	0	0
"5:17967731"	0	0	1	0	0
"5:18344571"	0	0	1	0	0
"5:18461147"	0	0	1	0	0
"5:19013987"	0	0	1	0	0
"5:19030687"	0	0	0	1	1
"5:19603262"	0	0	1	0	0
"5:19712652"	0	0	1	0	0
"5:20334428"	0	0	0	1	1
"5:22023579"	0	0	1	0	0
"5:22885740"	0	0	1	0	0
"5:24274795"	0	0	0	1	0
"5:24396715"	0	0	1	0	0
"5:25614923"	0	0	0	1	0
"5:25661164"	0	0	1	0	0
"5:26345703"	0	0	1	0	0
"5:27442337"	0	0	0	1	0
"5:27982707"	0	0	0	0	1
"5:31141453"	0	0	0	1	0
"5:31555113"	0	0	1	0	0
"5:31841208"	0	0	1	0	0
"5:32374515"	0	1	0	0	0
"5:32965554"	0	0	1	0	0
"5:33285802"	0	0	0	1	0
"5:34072739"	0	0	1	0	0
"5:34246365"	0	0	0	0	1
"5:34285548"	0	0	1	0	0
"5:35602322"	0	0	0	1	1
"5:35954420"	0	0	0	1	1
"5:36794978"	0	0	1	0	0
"5:36796733"	0	0	1	0	0
"5:36952054"	0	0	1	0	0
"5:38392629"	0	0	0	1	0
"5:40163359"	0	0	1	0	0
"5:41914456"	0	0	1	0	0
"5:42201914"	0	0	1	0	0
"5:43448784"	0	0	0	1	1
"5:43779017"	0	0	1	0	0
"5:45072621"	0	0	1	0	0
"5:45483634"	0	0	1	0	0
"5:45816810"	0	0	1	0	0
"5:45937584"	0	0	0	1	1
"5:50138674"	0	0	1	0	0
"5:56368354"	0	0	0	1	0
"5:56504987"	0	0	1	0	0
"5:56713086"	0	0	1	0	0
"5:56937328"	0	0	1	0	0
"5:67189739"	0	0	0	1	0
"5:69389012"	0	0	0	1	0
"5:73237570"	0	0	1	0	0
"5:75540299"	0	0	1	0	0
"5:76771393"	0	0	1	0	0
"5:77395220"	0	0	1	0	0
"5:77575257"	0	0	1	0	0
"5:77914921"	0	0	0	1	0
"5:83811064"	0	0	1	0	0
"5:86308952"	0	0	0	1	1
"5:87698598"	0	0	1	0	0
"5:88471341"	0	0	1	0	0
"5:90167367"	0	0	0	1	0
"5:92633930"	0	0	1	0	0
"5:93265896"	0	0	1	0	0
"5:93457591"	0	0	1	0	0
"5:93683312"	0	0	1	0	0
"5:93683461"	0	0	1	0	0
"5:94802328"	0	0	1	0	0
"5:101486721"	0	0	0	1	0
"5:103563776"	0	0	0	1	0
"5:105017445"	0	0	0	1	0
"5:105328349"	0	0	1	0	0
"5:105623209"	0	0	1	0	0
"5:106903358"	0	0	1	0	0
"5:120699234"	0	0	1	0	0
"5:124845143"	0	0	1	0	0
"5:126785721"	0	0	1	0	0
"5:128250893"	0	0	0	1	0
"5:128825682"	0	0	1	0	0
"5:130265717"	0	0	1	0	0
"5:133026615"	0	0	0	1	0
"5:141573996"	0	0	0	1	0
"5:143004473"	0	0	0	1	0
"5:144188320"	0	0	0	1	0
"5:151299372"	0	0	1	0	0
"5:152437858"	0	0	1	0	0
"5:152837251"	0	0	0	1	0
"5:154287909"	0	0	1	0	0
"5:156161227"	0	0	0	1	0
"5:156176119"	0	0	1	0	0
"5:156444041"	0	0	0	1	0
"5:159708381"	0	0	0	1	0
"5:161315345"	0	0	0	1	0
"5:161373919"	0	0	0	1	0
"5:162343670"	0	0	0	1	0
"5:165785698"	0	0	1	0	0
"5:166105840"	0	0	0	1	0
"5:169509787"	0	0	1	0	0
"5:169509788"	0	0	1	0	0
"5:174102749"	0	0	1	0	0
"5:175971704"	0	0	1	0	0
"5:177182918"	0	0	1	0	0
"5:179644891"	0	0	1	0	0
"5:179644892"	0	0	1	0	0
"5:181354525"	0	0	1	0	0
"6:92143"	0	0	1	0	0
"6:1053868"	0	0	1	0	0
"6:2104954"	0	0	1	0	0
"6:3127298"	0	0	1	0	0
"6:5022174"	0	0	0	1	0
"6:6286125"	0	0	1	0	0
"6:6353824"	0	0	0	0	1
"6:9382277"	0	0	0	1	0
"6:13877063"	0	0	1	0	0
"6:14680297"	0	0	1	0	0
"6:18234279"	0	0	1	0	0
"6:18259058"	0	0	1	0	0
"6:22695995"	0	0	0	1	0
"6:23119975"	0	0	0	0	1
"6:23264535"	0	0	1	0	0
"6:23397295"	0	0	0	1	0
"6:25909177"	0	1	1	1	1
"6:27521430"	0	0	1	0	0
"6:29943667"	0	0	1	0	0
"6:37209485"	0	0	0	1	0
"6:38340781"	0	0	0	1	0
"6:38787011"	0	0	1	0	0
"6:41709529"	0	0	1	0	0
"6:43500693"	0	0	0	1	0
"6:43652444"	0	0	1	0	0
"6:44112643"	0	0	0	1	0
"6:45046610"	0	0	1	0	0
"6:45553548"	0	1	0	0	0
"6:49177599"	0	0	1	0	0
"6:49819502"	0	1	0	0	0
"6:54342084"	0	0	1	0	0
"6:58138376"	0	0	0	1	0
"6:60637919"	0	0	0	0	1
"6:60705832"	0	0	1	0	0
"6:61673499"	0	0	1	0	0
"6:65502085"	0	0	0	1	0
"6:66271025"	0	0	1	0	0
"6:67089805"	0	0	1	0	0
"6:71068750"	0	0	0	1	0
"6:76086664"	0	0	1	0	0
"6:77385079"	0	0	1	0	0
"6:77496323"	0	0	1	0	0
"6:77662831"	0	0	1	0	0
"6:77828249"	0	0	1	0	0
"6:81833217"	0	0	1	0	0
"6:82263246"	0	0	1	0	0
"6:83359218"	0	0	0	1	0
"6:84598123"	0	0	1	0	0
"6:85670844"	0	0	1	0	0
"6:86511089"	0	0	0	1	0
"6:87923452"	0	0	0	1	0
"6:90464600"	0	0	0	1	0
"6:90971670"	0	0	0	1	0
"6:92653768"	0	0	0	1	0
"6:96967425"	0	0	1	0	0
"6:98104665"	0	0	1	0	0
"6:98687458"	0	0	0	1	1
"6:99496770"	0	0	0	1	0
"6:100086769"	0	0	0	1	0
"6:104446704"	0	0	1	0	0
"6:106544347"	0	0	0	1	1
"6:107630724"	0	0	1	0	0
"6:109577908"	0	0	1	0	0
"6:110319270"	0	0	1	0	0
"6:111893181"	0	0	0	1	0
"6:115121739"	0	0	0	1	0
"6:116574662"	0	0	1	0	0
"6:118330004"	0	0	1	0	0
"6:119934598"	0	0	0	1	1
"6:121677934"	0	0	1	0	0
"6:123070903"	0	0	0	1	1
"6:127455432"	0	0	1	0	0
"6:130572350"	0	0	0	1	0
"6:135250585"	0	0	0	1	1
"6:144412736"	0	0	1	0	0
"6:148215635"	0	0	0	1	0
"6:153282682"	0	0	1	0	0
"6:154968197"	0	0	0	1	0
"6:157999264"	0	0	1	0	0
"6:162304489"	0	1	0	0	0
"6:163078413"	0	0	0	1	1
"6:165017736"	0	0	1	0	0
"6:165825477"	0	0	1	0	0
"6:166986841"	0	0	1	0	0
"6:167174663"	0	0	1	0	0
"6:168680353"	0	0	1	0	0
"6:169267920"	0	0	0	1	1
