CNAs	4:12281:66827	4:12281:68509237	4:68929:68509237	4:68509442:68620261	4:68509442:68623617	4:68623617:83746807	4:68639397:83669415	4:83669888:83949912	4:83747791:83843585	4:83843608:160748342	4:83950086:160751837	4:160750963:160820928	4:160754525:160823848	4:160823848:172532557	4:160828103:171929893	4:171934778:173291783	4:172534095:172778714	4:172778898:190106768	5:15532:2719242	5:15532:13999175	5:2720455:11648152	5:11650898:13238430	5:13238943:17814353	5:13999573:17601952	5:17602350:46389171	5:17815493:29955999	5:29956505:44207624	5:44208307:46389171	5:50136997:181363319	6:149661:254283	6:149661:257353	6:257353:323084	6:258265:376937	6:323326:67451265	6:378703:1216141	6:1216291:1217265	6:1217594:67451592	6:67451535:67977613	6:67457081:67979297	6:67979297:68656043	6:67979481:68666344	6:68666344:82263167	6:68667501:72529265	6:72538163:72654946	6:72663851:78304623	6:78309386:78325468	6:78329517:82262379	6:82263167:85888816	6:82264372:85810284	6:85810619:108705363	6:85899574:108714613	6:108707499:111436193	6:108716227:111057556	6:111058478:111116670	6:111116955:111436193	6:111437141:112445809	6:111437141:131524012	6:112446021:112668049	6:112670175:131522131	6:131523020:134450188	6:131530139:134496927	6:134450312:136447316	6:134497176:142970566	6:136451562:136711355	6:136712568:142973004	6:142970894:143103190	6:142973362:143103153	6:143103190:144430456	6:144432488:146075563	6:144432488:146241151	6:146076662:146113606	6:146118057:146241151	6:146241641:149196584	6:146241641:149202440	6:149196707:149509797	6:149209410:149472143	6:149472497:149509797	6:149512041:170741917
4:12281:68509237	1	1	1	0	0	0	0	0	0	0	0	0	0	0	0	0	0	0	0	0	0	0	0	0	0	0	0	0	0	0	0	0	0	0	0	0	0	0	0	0	0	0	0	0	0	0	0	0	0	0	0	0	0	0	0	0	0	0	0	0	0	0	0	0	0	0	0	0	0	0	0	0	0	0	0	0	0	0
4:68509442:190106768	0	0	0	1	1	1	1	1	1	1	1	1	1	1	1	1	1	1	0	0	0	0	0	0	0	0	0	0	0	0	0	0	0	0	0	0	0	0	0	0	0	0	0	0	0	0	0	0	0	0	0	0	0	0	0	0	0	0	0	0	0	0	0	0	0	0	0	0	0	0	0	0	0	0	0	0	0	0
5:15532:46389171	0	0	0	0	0	0	0	0	0	0	0	0	0	0	0	0	0	0	1	1	1	1	1	1	1	1	1	1	0	0	0	0	0	0	0	0	0	0	0	0	0	0	0	0	0	0	0	0	0	0	0	0	0	0	0	0	0	0	0	0	0	0	0	0	0	0	0	0	0	0	0	0	0	0	0	0	0	0
5:50136997:181363319	0	0	0	0	0	0	0	0	0	0	0	0	0	0	0	0	0	0	0	0	0	0	0	0	0	0	0	0	1	0	0	0	0	0	0	0	0	0	0	0	0	0	0	0	0	0	0	0	0	0	0	0	0	0	0	0	0	0	0	0	0	0	0	0	0	0	0	0	0	0	0	0	0	0	0	0	0	0
6:149661:111436193	0	0	0	0	0	0	0	0	0	0	0	0	0	0	0	0	0	0	0	0	0	0	0	0	0	0	0	0	0	1	1	1	1	1	1	1	1	1	1	1	1	1	1	1	1	1	1	1	1	1	1	1	1	1	1	0	0	0	0	0	0	0	0	0	0	0	0	0	0	0	0	0	0	0	0	0	0	0
6:111437141:144430456	0	0	0	0	0	0	0	0	0	0	0	0	0	0	0	0	0	0	0	0	0	0	0	0	0	0	0	0	0	0	0	0	0	0	0	0	0	0	0	0	0	0	0	0	0	0	0	0	0	0	0	0	0	0	0	1	1	1	1	1	1	1	1	1	1	1	1	1	0	0	0	0	0	0	0	0	0	0
6:144432488:146241151	0	0	0	0	0	0	0	0	0	0	0	0	0	0	0	0	0	0	0	0	0	0	0	0	0	0	0	0	0	0	0	0	0	0	0	0	0	0	0	0	0	0	0	0	0	0	0	0	0	0	0	0	0	0	0	0	0	0	0	0	0	0	0	0	0	0	0	0	1	1	1	1	0	0	0	0	0	0
6:146241641:149509797	0	0	0	0	0	0	0	0	0	0	0	0	0	0	0	0	0	0	0	0	0	0	0	0	0	0	0	0	0	0	0	0	0	0	0	0	0	0	0	0	0	0	0	0	0	0	0	0	0	0	0	0	0	0	0	0	0	0	0	0	0	0	0	0	0	0	0	0	0	0	0	0	1	1	1	1	1	0
6:149512041:170741917	0	0	0	0	0	0	0	0	0	0	0	0	0	0	0	0	0	0	0	0	0	0	0	0	0	0	0	0	0	0	0	0	0	0	0	0	0	0	0	0	0	0	0	0	0	0	0	0	0	0	0	0	0	0	0	0	0	0	0	0	0	0	0	0	0	0	0	0	0	0	0	0	0	0	0	0	0	1
